"Id","SalePrice"
1461,122011.8
1462,158220
1463,177686.1
1464,187664.6
1465,202165.9
1466,163536.4
1467,173636.6
1468,159303.2
1469,178561.9
1470,123037.7
1471,190401.3
1472,91260.3
1473,93948.7
1474,151552.3
1475,122560.6
1476,371809.9
1477,261628.2
1478,289005
1479,254457.3
1480,483401.9
1481,307516.5
1482,206912
1483,172122.7
1484,167755.1
1485,187572.9
1486,193100.8
1487,332260.6
1488,235477.7
1489,202914.3
1490,230763.7
1491,193246.5
1492,97483.1
1493,185961.9
1494,292876.2
1495,293124.6
1496,235056.5
1497,178892.8
1498,171823.3
1499,156974.7
1500,144984.1
1501,168115.5
1502,141734.7
1503,307031.3
1504,254204
1505,226641.6
1506,190907.1
1507,242485.8
1508,218321.6
1509,163266.6
1510,146465.3
1511,160085.4
1512,174938.9
1513,133514.9
1514,169356.5
1515,217593.2
1516,154172.6
1517,160588.6
1518,135125.5
1519,215147.4
1520,137892.6
1521,137017.5
1522,174873.4
1523,115918.3
1524,129052.7
1525,124203.3
1526,115821.7
1527,115507.3
1528,137632.2
1529,147963.4
1530,183907
1531,102488.8
1532,93932.4
1533,143538.6
1534,123860.5
1535,147723.3
1536,110624.7
1537,64506.7
1538,153585.7
1539,191669.5
1540,77924.2
1541,139981.6
1542,134409.6
1543,202402.4
1544,78898
1545,113438.8
1546,126276
1547,130996
1548,133298.1
1549,113651
1550,139979.9
1551,113206.7
1552,148608.3
1553,150881.2
1554,112616.2
1555,158623.5
1556,76318.9
1557,117559.1
1558,101198.1
1559,60243.1
1560,135973.9
1561,112978.4
1562,130100.4
1563,120704.1
1564,171418.4
1565,146332.2
1566,249912.9
1567,74881.3
1568,230298.4
1569,132562.8
1570,132218.3
1571,126974.5
1572,149363.2
1573,282297.2
1574,105655.9
1575,256120.5
1576,230950.9
1577,188315.8
1578,142054.6
1579,145016.4
1580,190730
1581,158677.4
1582,126870.1
1583,313419.5
1584,220870.9
1585,137680.7
1586,76588.8
1587,107481.7
1588,150081.3
1589,97885.7
1590,129824.7
1591,97272.8
1592,115274.7
1593,134443.7
1594,152862.3
1595,107083.6
1596,219049
1597,172662.8
1598,195972.6
1599,184693.5
1600,180041.9
1601,70548.4
1602,126163.7
1603,74716
1604,254023.3
1605,249367.9
1606,173556.2
1607,212626.9
1608,213928.5
1609,191486.4
1610,141363.8
1611,135528
1612,162867
1613,159929.5
1614,129980.8
1615,90741.9
1616,77250.6
1617,94700.3
1618,141623
1619,143360.1
1620,162021.1
1621,129033.5
1622,147660.2
1623,290291.5
1624,216521.5
1625,119556.4
1626,159638.4
1627,182035.9
1628,283193.7
1629,178863.5
1630,284824.8
1631,213259.9
1632,237147.1
1633,170899.8
1634,186230
1635,174610.2
1636,149320.8
1637,202379.7
1638,187786.8
1639,185635.7
1640,265374.9
1641,184572.3
1642,219232.2
1643,220572.7
1644,240880.3
1645,215863.3
1646,160554.8
1647,166291.9
1648,133376
1649,133443
1650,113469.1
1651,126842
1652,93265.4
1653,93078.9
1654,153285.1
1655,152956.9
1656,144914.6
1657,150233
1658,152033.7
1659,129849.9
1660,160773.1
1661,481949.8
1662,449335.1
1663,401353.5
1664,379432.3
1665,328943.4
1666,333033
1667,323221.6
1668,320258.6
1669,300971.6
1670,369453.3
1671,259626.9
1672,502951.2
1673,298092.3
1674,236893
1675,181430.6
1676,178775.8
1677,215326.9
1678,387209.4
1679,377334.1
1680,347448
1681,261322.1
1682,307198.2
1683,180287.9
1684,179489.9
1685,175312
1686,171952
1687,170052.8
1688,193541.3
1689,194886.4
1690,207555.1
1691,188633.7
1692,272064.2
1693,167230.4
1694,179485.1
1695,163997.6
1696,279227.4
1697,167964.5
1698,359199
1699,314769
1700,248323.2
1701,277308.4
1702,255529.4
1703,250333.1
1704,275169.3
1705,236215.3
1706,407059.7
1707,221629.2
1708,208353
1709,297905.2
1710,225457.1
1711,266811.9
1712,268044.1
1713,263719.1
1714,219036.3
1715,205293
1716,184960.9
1717,178276
1718,131142.9
1719,204491.6
1720,255157.3
1721,168525.5
1722,123807.1
1723,150286.3
1724,219780.2
1725,244569.6
1726,179970.5
1727,157325.7
1728,181860
1729,160751.4
1730,153199.7
1731,120557.1
1732,126291
1733,118779.3
1734,124571.6
1735,138818.9
1736,110666.5
1737,338039.5
1738,225298.9
1739,273711.4
1740,215598.1
1741,189590.5
1742,170445
1743,176593.5
1744,319655.6
1745,213657.8
1746,198161.8
1747,230134
1748,211206.3
1749,149966.8
1750,125862.8
1751,250766.2
1752,119450.5
1753,146759.7
1754,210290.1
1755,169189.7
1756,128006.9
1757,123070
1758,144645.8
1759,156432
1760,165104.8
1761,142728.4
1762,189394.7
1763,184900.3
1764,115182.8
1765,181782.3
1766,184098.1
1767,240158.3
1768,152403.4
1769,183200.9
1770,149341.3
1771,121123.4
1772,136808.7
1773,122062.3
1774,132466.4
1775,137597.2
1776,127953.8
1777,112174.5
1778,149910.3
1779,121531.3
1780,184945.9
1781,135042.6
1782,84847.9
1783,138434.8
1784,110355.8
1785,121308.8
1786,182006.9
1787,160052.5
1788,56730.2
1789,106713.6
1790,76492.5
1791,177492.3
1792,151523.7
1793,128373.3
1794,153501
1795,134293.2
1796,127327.3
1797,114383.8
1798,122280.8
1799,103107.5
1800,125657.9
1801,128569.7
1802,137765.9
1803,149610.7
1804,142474.8
1805,136786.8
1806,117992.6
1807,136069.7
1808,127119.1
1809,118483.4
1810,143027.8
1811,88251.4
1812,96487.4
1813,129857.2
1814,110737.2
1815,55060.6
1816,99932.5
1817,115439
1818,136802.5
1819,123379.6
1820,49728.3
1821,103027.9
1822,149162
1823,37503
1824,132530.5
1825,130133.8
1826,110198.4
1827,106660.1
1828,131948.9
1829,114765.2
1830,143325.6
1831,147505.6
1832,71978.9
1833,148571
1834,120253.5
1835,116281.8
1836,130276.9
1837,88991
1838,141978.1
1839,86896.2
1840,144172
1841,135001.9
1842,87021.6
1843,128645
1844,137835.4
1845,136146.4
1846,163364.2
1847,165602.2
1848,55547.3
1849,104474.2
1850,115617.8
1851,152683.6
1852,132602.8
1853,130374.1
1854,167235.6
1855,142079.2
1856,225823.7
1857,141329.4
1858,137963.5
1859,124408.3
1860,152498.7
1861,124132.8
1862,363538.9
1863,344072.1
1864,344072.1
1865,352584.3
1866,348165.5
1867,242874.9
1868,310696
1869,200689.2
1870,237555.2
1871,257775.4
1872,167907.8
1873,244662
1874,145575.2
1875,199342.9
1876,183716.9
1877,214375.7
1878,197550.3
1879,127571.7
1880,128328.6
1881,237301.5
1882,253702.5
1883,183657.8
1884,199988.2
1885,254765.5
1886,301395.2
1887,213301
1888,282049.4
1889,163007
1890,114226
1891,117477.3
1892,109225.7
1893,130935.6
1894,127216.1
1895,138632.5
1896,132704.5
1897,114079.5
1898,112598.9
1899,159302.4
1900,139310.6
1901,169936
1902,140036.3
1903,195301.1
1904,118166.9
1905,172654.4
1906,137489.6
1907,180689
1908,106980.6
1909,127466.8
1910,115543.6
1911,194288.5
1912,311361.6
1913,134348.6
1914,51321.4
1915,289325
1916,82140.4
1917,277007.7
1918,138347.1
1919,173558.5
1920,144767.6
1921,448944
1922,360413.1
1923,215737.3
1924,216707.4
1925,191932.9
1926,417301.5
1927,137367
1928,161899.6
1929,118626.3
1930,125734.1
1931,140367.7
1932,137724
1933,225216
1934,174750.8
1935,163369.1
1936,181027.7
1937,174921.4
1938,171133.9
1939,232211.7
1940,196621.2
1941,154903.7
1942,175437.8
1943,221690.5
1944,332339.8
1945,386066.3
1946,131320.2
1947,307291.7
1948,170820.9
1949,232290.9
1950,189571
1951,278014.5
1952,229850.9
1953,165810.2
1954,182325.3
1955,136241.5
1956,314446.3
1957,155314
1958,333781.7
1959,142509.4
1960,113793.8
1961,119806.2
1962,93385
1963,99186.7
1964,109602.4
1965,148420.7
1966,146751.4
1967,281675.6
1968,467858.2
1969,396416.5
1970,460849.1
1971,469654.6
1972,399622.6
1973,254198.8
1974,324711.6
1975,478540.7
1976,268843.1
1977,333624
1978,354972.8
1979,347182.4
1980,198947.5
1981,371106.7
1982,215876.4
1983,202098.3
1984,174126.9
1985,218940.4
1986,209448
1987,183255.8
1988,177597.7
1989,194626.9
1990,210766.3
1991,228126.4
1992,212918.5
1993,176169.9
1994,253035.6
1995,183679.5
1996,243359.3
1997,320803.5
1998,320647.2
1999,245225.4
2000,314606.5
2001,252966
2002,231155.5
2003,270640.9
2004,269041.6
2005,222963.7
2006,228105.3
2007,246372.6
2008,222134.3
2009,183937.7
2010,196759.8
2011,135395.9
2012,177145.8
2013,185013.3
2014,182752.7
2015,212820.6
2016,186332.7
2017,197399.5
2018,120398.5
2019,133587.1
2020,107808.2
2021,108745.5
2022,177358
2023,138616.2
2024,256022.4
2025,387307.4
2026,172829.6
2027,145957.3
2028,150235.5
2029,161335.3
2030,274823.3
2031,257241.7
2032,271860.1
2033,283901.1
2034,173464.6
2035,211816.2
2036,206896.9
2037,228853.2
2038,306082.9
2039,223708.5
2040,295492.3
2041,307601.4
2042,205874.6
2043,178172.6
2044,166622
2045,209125.4
2046,161565.1
2047,141491.2
2048,143490.2
2049,151304.5
2050,185101.7
2051,109630.6
2052,128465.4
2053,155556.4
2054,87767.4
2055,156896.9
2056,142316.7
2057,116952.4
2058,235070
2059,136498.9
2060,171662.6
2061,175349
2062,133846.5
2063,117422.8
2064,138143.4
2065,125851.2
2066,166963.1
2067,95598.8
2068,142406.3
2069,85627.5
2070,120995.3
2071,91063.8
2072,119500
2073,134720.8
2074,188671.4
2075,138183.3
2076,119118.8
2077,154119.2
2078,125797.9
2079,134256.5
2080,117798.9
2081,132403.2
2082,105993.3
2083,153137.9
2084,114006.3
2085,122599.9
2086,100554.3
2087,122792.1
2088,99718.3
2089,75154.3
2090,128538.7
2091,116350.6
2092,117894.9
2093,102897.3
2094,119236.9
2095,162722.6
2096,86999.9
2097,97621.9
2098,150915.7
2099,56139.3
2100,61213.7
2101,107387.8
2102,124001.4
2103,104642.4
2104,152226.2
2105,123265.1
2106,75939.3
2107,187196.9
2108,110047.6
2109,109261.9
2110,131057.9
2111,137405
2112,133511.1
2113,120513.7
2114,110058.9
2115,159383.6
2116,121807.8
2117,144216.2
2118,124355.6
2119,113502.2
2120,114507.3
2121,94737.2
2122,102414.9
2123,88741.4
2124,162887.1
2125,124770
2126,150375.5
2127,155525.6
2128,127496.3
2129,103105.2
2130,141294.8
2131,159803.9
2132,119323.8
2133,134604.7
2134,111597.7
2135,94074.7
2136,72369.3
2137,112497.7
2138,129311.2
2139,151190.7
2140,141405.7
2141,148495.1
2142,130310.3
2143,139405.5
2144,131924
2145,139788.2
2146,154646.3
2147,119969.3
2148,133982
2149,146387.6
2150,223359.4
2151,116913
2152,175029.2
2153,171288
2154,103507.9
2155,141012
2156,299189.4
2157,228714.2
2158,243953.1
2159,204273.9
2160,179094
2161,237651.7
2162,348463.6
2163,376129
2164,262801.1
2165,187095.5
2166,151262.3
2167,218565.8
2168,186717.2
2169,201228.2
2170,218729.2
2171,157348
2172,131516.3
2173,159049.3
2174,231465
2175,331897.6
2176,328740.3
2177,251999
2178,211795.7
2179,137416.3
2180,209483.7
2181,185127
2182,216964.8
2183,184872.6
2184,123441
2185,124687.9
2186,140749.6
2187,151933.8
2188,153687.9
2189,139473.5
2190,80069.5
2191,81638.1
2192,87253.7
2193,100905
2194,104818.9
2195,112060.4
2196,102135.8
2197,124873.2
2198,168572.5
2199,175026.3
2200,130413.9
2201,137919.7
2202,216974.6
2203,131777.2
2204,182669.2
2205,115191.6
2206,130508.5
2207,213312.8
2208,246469.8
2209,210390.8
2210,115196.7
2211,120864
2212,125189.8
2213,112477.3
2214,117871
2215,113569.7
2216,162510.7
2217,81267
2218,63609.6
2219,65505.1
2220,57169.6
2221,291037.4
2222,253771.2
2223,303049.1
2224,204360.7
2225,121547.7
2226,182851.5
2227,210511.8
2228,274714.6
2229,266708.7
2230,143159.6
2231,231342.6
2232,175049.7
2233,175869.8
2234,244709.9
2235,217182.5
2236,267298.7
2237,339283
2238,200200.3
2239,111590.8
2240,157675.6
2241,185322.7
2242,132449.3
2243,132054.6
2244,109848.5
2245,103533.1
2246,149777
2247,106124.8
2248,130708.3
2249,127257.7
2250,136258.2
2251,109025.3
2252,169023.8
2253,149698.1
2254,163827
2255,172954.4
2256,190438.6
2257,192875.6
2258,164400.3
2259,169039.1
2260,150451.8
2261,194884.3
2262,219732.9
2263,352535.5
2264,585033.5
2265,171196.3
2266,305432.1
2267,382157.9
2268,399005.3
2269,148687.7
2270,211756.7
2271,222133
2272,201133.5
2273,166709
2274,179645.8
2275,147772.5
2276,198599.8
2277,177649.2
2278,144589
2279,128642.8
2280,121698
2281,164308.1
2282,189866.5
2283,101773.2
2284,108176.6
2285,145701.8
2286,119770.2
2287,366387.7
2288,271806.8
2289,372665.1
2290,477986
2291,315684.1
2292,424118.3
2293,399987.6
2294,414389.4
2295,562694.4
2296,248155.8
2297,312770.7
2298,322436.5
2299,335337.9
2300,338441.2
2301,287840.6
2302,238161.4
2303,228456.3
2304,254103
2305,184253.2
2306,177127.3
2307,181613.4
2308,233418.3
2309,282797.4
2310,211373.2
2311,197144.8
2312,186681.7
2313,173032.3
2314,171950.4
2315,182544.5
2316,184732.7
2317,182556.1
2318,180753.1
2319,188728.4
2320,188183.8
2321,242326.5
2322,178795.6
2323,189196
2324,164258.3
2325,214390
2326,179982.8
2327,209522.1
2328,228321.9
2329,178220.7
2330,169013.3
2331,354291.7
2332,431099.7
2333,313207.7
2334,250544.8
2335,288217.5
2336,329705
2337,189407.1
2338,272789.1
2339,210370.1
2340,406496.6
2341,213619.5
2342,232673.7
2343,219581.5
2344,196566.3
2345,243983.3
2346,219590.1
2347,200408.7
2348,250847.5
2349,182984.2
2350,298682.3
2351,254092
2352,247303.4
2353,241922.9
2354,135420.7
2355,149742.6
2356,158091.1
2357,188276.7
2358,199375.4
2359,133952.8
2360,114029.7
2361,144917.3
2362,276617.1
2363,139108.6
2364,161754.4
2365,218515.1
2366,198265.6
2367,225802.2
2368,217829.5
2369,223008.7
2370,164539.1
2371,169901.6
2372,189859.1
2373,282537.1
2374,344286.5
2375,253824.9
2376,333349.2
2377,389672.7
2378,148793.1
2379,195677
2380,141635.1
2381,175164.9
2382,215456.4
2383,199556.6
2384,252953.9
2385,165266.7
2386,136660.3
2387,137188.2
2388,95556.5
2389,125132.5
2390,156632.8
2391,145433.9
2392,116704.7
2393,179660.6
2394,143855.9
2395,204435.7
2396,147718.4
2397,238003.9
2398,139541.1
2399,57826.7
2400,56647.9
2401,116187
2402,135302.9
2403,151683.6
2404,146960.6
2405,160158.6
2406,148163
2407,124685.3
2408,145995.4
2409,129059.6
2410,165393.8
2411,115773.9
2412,167015.9
2413,130343
2414,152786.6
2415,139716.7
2416,130938.7
2417,134079.7
2418,130065.8
2419,127855.2
2420,123231.2
2421,136183.5
2422,104224.2
2423,120424.2
2424,171779.4
2425,238499.5
2426,130708.3
2427,128480.4
2428,177566.9
2429,112240.9
2430,129793.8
2431,105431.1
2432,148500.1
2433,142744.6
2434,127807.1
2435,148228.5
2436,104856.3
2437,105770.8
2438,124389.1
2439,110978.4
2440,123905.1
2441,90456.8
2442,102108.8
2443,125039
2444,121002.7
2445,88525.9
2446,125472.2
2447,179155.3
2448,121199.9
2449,108118.6
2450,150030.3
2451,121705.1
2452,191207.1
2453,95735.8
2454,108414.6
2455,116372.1
2456,133736
2457,143243.8
2458,122101.9
2459,114482.5
2460,134840.3
2461,117527
2462,134880.1
2463,134506.2
2464,171412.4
2465,136886.6
2466,120928.7
2467,125816.3
2468,81139.2
2469,78789.9
2470,185604.8
2471,226207.7
2472,184662.1
2473,115695.4
2474,81991.9
2475,225840.9
2476,121249
2477,132254.3
2478,154220.8
2479,102173.5
2480,147270.8
2481,120367.2
2482,129542.2
2483,111250.1
2484,121153.5
2485,121546.4
2486,153082.6
2487,133625.8
2488,170483
2489,163403.7
2490,142874.1
2491,95391.3
2492,191744.5
2493,148867.2
2494,140235.8
2495,83200
2496,288762.7
2497,153644.3
2498,112432.9
2499,90835.8
2500,139670.5
2501,136453.3
2502,141731
2503,100068.4
2504,169738.3
2505,240247.4
2506,253301.7
2507,313382
2508,256385
2509,214754.5
2510,227300.1
2511,175605.9
2512,202711.3
2513,214707.7
2514,243302.9
2515,149514.5
2516,159921.4
2517,139554.4
2518,155477.4
2519,225441.1
2520,211550.4
2521,185199.5
2522,218586.7
2523,114689
2524,141736.4
2525,142190.6
2526,140066
2527,113962.3
2528,142489.5
2529,141308.5
2530,124293
2531,253130.8
2532,225109.8
2533,192298.7
2534,238110.3
2535,312979.4
2536,231786.1
2537,244245.4
2538,186304.9
2539,187296.1
2540,176777.1
2541,190430.5
2542,165327.7
2543,121316.8
2544,120742.8
2545,133143.8
2546,129825.1
2547,126812
2548,138287.7
2549,155047.5
2550,231410.2
2551,126533.6
2552,124999
2553,71834.9
2554,95536.2
2555,118234.6
2556,104450.1
2557,109351.4
2558,113645.4
2559,140337.9
2560,141463
2561,128387
2562,131039.4
2563,140033.9
2564,188604.5
2565,128418.2
2566,155681.9
2567,135911.6
2568,182290.2
2569,212427.4
2570,114194.8
2571,166127.5
2572,155400.5
2573,205034.4
2574,228752.9
2575,141920.8
2576,124066.8
2577,156069.9
2578,89776.5
2579,60601.4
2580,82536.6
2581,77341.3
2582,93544.7
2583,276433.7
2584,170667.6
2585,181952
2586,242121.8
2587,193214.7
2588,143196.2
2589,144212
2590,210534.2
2591,223761.5
2592,221753.5
2593,262861.5
2594,171527.5
2595,206861.1
2596,289621.3
2597,185721.4
2598,282125.3
2599,313499.2
2600,151977.4
2601,138974.4
2602,86566.7
2603,100027.7
2604,91707.8
2605,78909.9
2606,151279.6
2607,208820.9
2608,190506.3
2609,171355.1
2610,108713.9
2611,106143.3
2612,154404.4
2613,138355.9
2614,129105.4
2615,159330.3
2616,141055.1
2617,194271.3
2618,181030.4
2619,188030.6
2620,183834.2
2621,168103.9
2622,171121.8
2623,260096.4
2624,291506.1
2625,311338.2
2626,171143.1
2627,165233.7
2628,547898.7
2629,550822
2630,392466.4
2631,441410.5
2632,469111.2
2633,321936.7
2634,426215.4
2635,154699.6
2636,178618.8
2637,189203.2
2638,261998
2639,188820.7
2640,152785.3
2641,102863.6
2642,190925.5
2643,98089
2644,125163.3
2645,101678
2646,93552.2
2647,101076.5
2648,139813.9
2649,147002
2650,138008.2
2651,144173.6
2652,418441.5
2653,244727.7
2654,243910.9
2655,422261.3
2656,319413.7
2657,353104.4
2658,292564.1
2659,302421.4
2660,339283.6
2661,370092.2
2662,366574.8
2663,282057.2
2664,269077.9
2665,321932.2
2666,292038.9
2667,170239.9
2668,189850.5
2669,177182.5
2670,290268.4
2671,194295.9
2672,195958.3
2673,208838.2
2674,199096.8
2675,178657.3
2676,193040.3
2677,185913.4
2678,273484.8
2679,263853.4
2680,285301.7
2681,430651
2682,345589.8
2683,511738.8
2684,309384.5
2685,362022.1
2686,265297.1
2687,332403.4
2688,219862
2689,217719.6
2690,418321.2
2691,175868.6
2692,133092
2693,199656.8
2694,133093.8
2695,190520.7
2696,189028.7
2697,179234.9
2698,177562
2699,180156.2
2700,161960.6
2701,145131
2702,109120.7
2703,132035.6
2704,136805.8
2705,115921
2706,113602.2
2707,121592.1
2708,131759.2
2709,106066.1
2710,123934.1
2711,271699.3
2712,427673.3
2713,177305.4
2714,145648.4
2715,170308.8
2716,138501
2717,159733
2718,228001.2
2719,158754.3
2720,175280.1
2721,134107.2
2722,162211
2723,140361.9
2724,127060.7
2725,129530.2
2726,146876
2727,173027.1
2728,175434.8
2729,142996.4
2730,143426.5
2731,133611.3
2732,124616.8
2733,162740.7
2734,151904
2735,133820.1
2736,135986.9
2737,126520.5
2738,141471.8
2739,166353.8
2740,134627.6
2741,142050.2
2742,147472.7
2743,143817.1
2744,169352
2745,142921.4
2746,142834.4
2747,143820.5
2748,123537.6
2749,127952.5
2750,126268.1
2751,136956.1
2752,187124.8
2753,149124.1
2754,215402
2755,137276.9
2756,89532.5
2757,61268.8
2758,76716.8
2759,165348.6
2760,124156.3
2761,142394.9
2762,149940.2
2763,186974.3
2764,147251.9
2765,309627.6
2766,142060.6
2767,86111.1
2768,127135.6
2769,131579.9
2770,138582.7
2771,107352
2772,110804.8
2773,153582.6
2774,140083.4
2775,112435
2776,140499.2
2777,144468.7
2778,94667.3
2779,123477.6
2780,97377
2781,97124.8
2782,94898.5
2783,102968.5
2784,120888.3
2785,138827.8
2786,67107.8
2787,125548
2788,76226.9
2789,163994.1
2790,88316.1
2791,108398.3
2792,51914.6
2793,156582.4
2794,96437.1
2795,124870.4
2796,104143.3
2797,172928.6
2798,111455.3
2799,120327.8
2800,75761.2
2801,104114.3
2802,130853.2
2803,162947.8
2804,138616.3
2805,102404.2
2806,85944.2
2807,147520.8
2808,144970.2
2809,136038.2
2810,129261.5
2811,155322
2812,155598.6
2813,181119.5
2814,170152.5
2815,94074.8
2816,237646.1
2817,149592
2818,132507.8
2819,173823
2820,133807
2821,94821.8
2822,180169.8
2823,325031.1
2824,185239.6
2825,162085.8
2826,132247.6
2827,133822.3
2828,210913.9
2829,208515.4
2830,233678.9
2831,175002.3
2832,250192.3
2833,295907.4
2834,211807.7
2835,208912
2836,186981.1
2837,145753.6
2838,152160.5
2839,181914.7
2840,193087.1
2841,201672
2842,227491.7
2843,141855.9
2844,162693.3
2845,124176.3
2846,207712.7
2847,186605
2848,226085.1
2849,197257.8
2850,283894.6
2851,214847.1
2852,231029.2
2853,235319.8
2854,138495.5
2855,198303.1
2856,195448.9
2857,186755.8
2858,200271.9
2859,114251.4
2860,124399.7
2861,126018.3
2862,182911.1
2863,119944.6
2864,266747.6
2865,128539.5
2866,143810
2867,102703.3
2868,98675.5
2869,113598.4
2870,112231.6
2871,90055.8
2872,53565.7
2873,102275.8
2874,149032.7
2875,116909.3
2876,169423
2877,154954.3
2878,153081.7
2879,142683.7
2880,109421.8
2881,150658.6
2882,165544.5
2883,194279.2
2884,188204.1
2885,175326.8
2886,219243.3
2887,100915
2888,147700.8
2889,61156.1
2890,83818.7
2891,135821.2
2892,38533.2
2893,64902.6
2894,52214.5
2895,308076.1
2896,278268.2
2897,204954.2
2898,150175.4
2899,226468.9
2900,164040.9
2901,206582.8
2902,183111.2
2903,345807.9
2904,374881.9
2905,79547.7
2906,196494.9
2907,117681.4
2908,139027.2
2909,157125.9
2910,81835
2911,81756.4
2912,147572.7
2913,80761.1
2914,81736.7
2915,87081.5
2916,79724.1
2917,172724.1
2918,118385.1
2919,213892.5
